dists:
20: 0.8 , 30: 0.89 , 40: 0.84 , 50: 0.87 , 60: 0.97
Caminho:

20 15760 86355 16608 27694 86778 87862 68904 84450 26049 70540 41321 61279 39345 24445 3905 35293 2858 10 
30 26151 27642 93985 78071 42304 77935 87087 64898 53177 85187 96094 35293 2858 10 
40 46307 15930 19697 14327 86286 24445 3905 35293 2858 10 
50 19878 70948 94992 17622 82510 19040 84437 56663 10 
60 8718 59399 74717 79865 75728 96654 33719 66532 99253 2874 89584 24445 3905 35293 2858 10 

--- Tempo de Execucao ---
Segundos:       0.176673 s

